{
    "6": {
        "total": 0.03547215461730957,
        "cpu": 0.031076999999999966,
        "solve": 0.00011706352233886719,
        "unsat": 0.00011706352233886719,
        "sat": 0.0
    },
    "7": {
        "total": 0.00413203239440918,
        "cpu": 0.003949000000000036,
        "solve": 0.00011801719665527344,
        "unsat": 0.00011801719665527344,
        "sat": 0.0
    },
    "8": {
        "total": 0.0049059391021728516,
        "cpu": 0.005083999999999977,
        "solve": 0.00025010108947753906,
        "unsat": 0.00025010108947753906,
        "sat": 0.0
    },
    "9": {
        "total": 0.0061190128326416016,
        "cpu": 0.006359999999999977,
        "solve": 0.0006659030914306641,
        "unsat": 0.0,
        "sat": 0.00017786026000976562
    }
}
TOTAL TIME:  0.0506291389465332
TOTAL SOLVE TIME:  0.0011510848999023438
Actual TIME:  0.05541491508483887
