{
    "6": {
        "total": 0.03453516960144043,
        "cpu": 0.033634,
        "solve": 0.0001461505889892578,
        "unsat": 0.0001461505889892578,
        "sat": 0.0
    },
    "7": {
        "total": 0.004182100296020508,
        "cpu": 0.004163000000000028,
        "solve": 0.0001499652862548828,
        "unsat": 0.0001499652862548828,
        "sat": 0.0
    },
    "8": {
        "total": 0.004868984222412109,
        "cpu": 0.0049759999999999804,
        "solve": 0.00024700164794921875,
        "unsat": 0.00024700164794921875,
        "sat": 0.0
    },
    "9": {
        "total": 0.006165981292724609,
        "cpu": 0.006415000000000004,
        "solve": 0.0007529258728027344,
        "unsat": 0.0,
        "sat": 0.000209808349609375
    }
}
TOTAL TIME:  0.049752235412597656
TOTAL SOLVE TIME:  0.0012960433959960938
Actual TIME:  0.05319714546203613
