{
    "2": {
        "total": 0.017125844955444336,
        "cpu": 0.011261,
        "solve": 0.00010895729064941406,
        "unsat": 0.00010895729064941406,
        "sat": 0.0
    },
    "10": {
        "total": 0.1242680549621582,
        "cpu": 0.12295900000000001,
        "solve": 0.0002849102020263672,
        "unsat": 0.0002849102020263672,
        "sat": 0.0
    },
    "18": {
        "total": 0.17951011657714844,
        "cpu": 0.17829499999999998,
        "solve": 0.0009970664978027344,
        "unsat": 0.0,
        "sat": 0.0005729198455810547
    }
}
TOTAL TIME:  0.320904016494751
TOTAL SOLVE TIME:  0.0013909339904785156
