{
    "2": {
        "total": 0.010648012161254883,
        "cpu": 0.010689999999999998,
        "solve": 0.000125885009765625,
        "unsat": 0.000125885009765625,
        "sat": 0.0
    },
    "10": {
        "total": 0.1315162181854248,
        "cpu": 0.130957,
        "solve": 0.00023698806762695312,
        "unsat": 0.00023698806762695312,
        "sat": 0.0
    },
    "18": {
        "total": 0.17298293113708496,
        "cpu": 0.17139,
        "solve": 0.0006520748138427734,
        "unsat": 0.0,
        "sat": 0.0002880096435546875
    }
}
TOTAL TIME:  0.31514716148376465
TOTAL SOLVE TIME:  0.0010149478912353516
