{
    "3": {
        "total": 0.02401900291442871,
        "cpu": 0.020380000000000002,
        "solve": 0.0001609325408935547,
        "unsat": 0.0001609325408935547,
        "sat": 0.0
    },
    "11": {
        "total": 0.14168810844421387,
        "cpu": 0.139376,
        "solve": 0.00025200843811035156,
        "unsat": 0.00025200843811035156,
        "sat": 0.0
    },
    "19": {
        "total": 0.19596600532531738,
        "cpu": 0.193397,
        "solve": 0.00037407875061035156,
        "unsat": 0.00037407875061035156,
        "sat": 0.0
    },
    "27": {
        "total": 0.2621469497680664,
        "cpu": 0.2586310000000001,
        "solve": 0.0009610652923583984,
        "unsat": 0.0,
        "sat": 0.0004951953887939453
    }
}
TOTAL TIME:  0.6238200664520264
TOTAL SOLVE TIME:  0.0017480850219726562
