{
    "3": {
        "total": 0.015281915664672852,
        "cpu": 0.014988000000000001,
        "solve": 0.00011396408081054688,
        "unsat": 0.00011396408081054688,
        "sat": 0.0
    },
    "11": {
        "total": 0.05882596969604492,
        "cpu": 0.057936999999999995,
        "solve": 0.000247955322265625,
        "unsat": 0.000247955322265625,
        "sat": 0.0
    },
    "19": {
        "total": 0.0792231559753418,
        "cpu": 0.07830200000000001,
        "solve": 0.00029206275939941406,
        "unsat": 0.00029206275939941406,
        "sat": 0.0
    },
    "27": {
        "total": 0.11535811424255371,
        "cpu": 0.11409099999999997,
        "solve": 0.0007100105285644531,
        "unsat": 0.0,
        "sat": 0.00038695335388183594
    }
}
TOTAL TIME:  0.2686891555786133
TOTAL SOLVE TIME:  0.001363992691040039
Actual TIME:  0.27352070808410645
