{
    "3": {
        "total": 0.019999980926513672,
        "cpu": 0.019791999999999976,
        "solve": 0.00014495849609375,
        "unsat": 0.00014495849609375,
        "sat": 0.0
    },
    "11": {
        "total": 0.2105100154876709,
        "cpu": 0.206795,
        "solve": 0.00028014183044433594,
        "unsat": 0.00028014183044433594,
        "sat": 0.0
    },
    "19": {
        "total": 0.27913498878479004,
        "cpu": 0.274271,
        "solve": 0.0004010200500488281,
        "unsat": 0.0004010200500488281,
        "sat": 0.0
    },
    "27": {
        "total": 0.35275793075561523,
        "cpu": 0.3471249999999999,
        "solve": 0.0016579627990722656,
        "unsat": 0.0,
        "sat": 0.00045990943908691406
    }
}
TOTAL TIME:  0.8624029159545898
TOTAL SOLVE TIME:  0.0024840831756591797
Actual TIME:  0.8705322742462158
