{
    "2": {
        "total": 0.010806798934936523,
        "cpu": 0.009423999999999988,
        "solve": 8.58306884765625e-05,
        "unsat": 8.58306884765625e-05,
        "sat": 0.0
    },
    "3": {
        "total": 0.004149913787841797,
        "cpu": 0.003652000000000044,
        "solve": 9.584426879882812e-05,
        "unsat": 9.584426879882812e-05,
        "sat": 0.0
    },
    "4": {
        "total": 0.0049037933349609375,
        "cpu": 0.00439299999999998,
        "solve": 0.000102996826171875,
        "unsat": 0.000102996826171875,
        "sat": 0.0
    },
    "5": {
        "total": 0.007170915603637695,
        "cpu": 0.0068030000000000035,
        "solve": 0.0006649494171142578,
        "unsat": 0.0,
        "sat": 0.00023317337036132812
    }
}
TOTAL TIME:  0.027031421661376953
TOTAL SOLVE TIME:  0.0009496212005615234
Actual TIME:  0.030133962631225586
