{
    "6": {
        "total": 0.03292584419250488,
        "cpu": 0.028980000000000006,
        "solve": 0.0001327991485595703,
        "unsat": 0.0001327991485595703,
        "sat": 0.0
    },
    "7": {
        "total": 0.0034499168395996094,
        "cpu": 0.0035279999999999756,
        "solve": 0.00010800361633300781,
        "unsat": 0.00010800361633300781,
        "sat": 0.0
    },
    "8": {
        "total": 0.0037429332733154297,
        "cpu": 0.003946000000000005,
        "solve": 0.00021600723266601562,
        "unsat": 0.00021600723266601562,
        "sat": 0.0
    },
    "9": {
        "total": 0.0060269832611083984,
        "cpu": 0.006325999999999943,
        "solve": 0.0007600784301757812,
        "unsat": 0.0,
        "sat": 0.0002560615539550781
    }
}
TOTAL TIME:  0.04614567756652832
TOTAL SOLVE TIME:  0.001216888427734375
Actual TIME:  0.05058717727661133
